operator: Amazon
fleetofdrones:
23000000
23000001
23000002
23000003
23000004
23000005
23000006
23000007
23000008
23000009
23000010
23000011
23000012
23000013
23000014
23000015
23000016
23000017
23000018
23000019
23000020
23000021
23000022
23000023
23000024
23000025
23000026
23000027
23000028
23000029
23000030
23000031
23000032
23000033
23000034
23000035
23000036
23000037
23000038
23000039
23000040
23000041
23000042
23000043
23000044
23000045
23000046
23000047
23000048
23000049
23000050
23000051
23000052
23000053
23000054
23000055
23000056
23000057
23000058
23000059
23000060
23000061
23000062
23000063
23000064
23000065
23000066
23000067
23000068
23000069
23000070
23000071
23000072
23000073
23000074
23000075
23000076
23000077
23000078
23000079
23000080
23000081
23000082
23000083
23000084
23000085
23000086
23000087
23000088
23000089
23000090
23000091
23000092
23000093
23000094
23000095
23000096
23000097
23000098
23000099


operator: Wing
fleetofdrones:
23000100
23000101
23000102
23000103
23000104
23000105
23000106
23000107
23000108
23000109


operator: Correos
fleetofdrones:
23000110
23000111
23000112
23000113
23000114
23000115
23000116
23000117
23000118
23000119
23000120
23000121
23000122
23000123
23000124
23000125
23000126
23000127
23000128
23000129
23000130
23000131
23000132
23000133
23000134
23000135
23000136
23000137
23000138
23000139
23000140
23000141
23000142
23000143
23000144
23000145
23000146
23000147
23000148
23000149
23000150
23000151
23000152
23000153
23000154
23000155
23000156
23000157
23000158
23000159


operator: Uber
fleetofdrones:
23000160
23000161
23000162
23000163
23000164
23000165
23000166
23000167
23000168
23000169
23000170
23000171
23000172
23000173
23000174
23000175
23000176
23000177
23000178
23000179


